0 3.09017 5.87785 8.09017 9.51057 10 9.51057 8.09017 5.87785 3.09017 1.22461e-15 -3.09017 -5.87785 -8.09017 -9.51057 -10 -9.51057 -8.09017 -5.87785 -3.09017
0 3.09017 5.87785 8.09017 9.51057 10 9.51057 8.09017 5.87785 3.09017 1.22461e-15 -3.09017 -5.87785 -8.09017 -9.51057 -10 -9.51057 -8.09017 -5.87785 -3.09017
0 3.09017 5.87785 8.09017 9.51057 10 9.51057 8.09017 5.87785 3.09017 1.22461e-15 -3.09017 -5.87785 -8.09017 -9.51057 -10 -9.51057 -8.09017 -5.87785 -3.09017
0 3.09017 5.87785 8.09017 9.51057 10 9.51057 8.09017 5.87785 3.09017 1.22461e-15 -3.09017 -5.87785 -8.09017 -9.51057 -10 -9.51057 -8.09017 -5.87785 -3.09017
0 3.09017 5.87785 8.09017 9.51057 10 9.51057 8.09017 5.87785 3.09017 1.22461e-15 -3.09017 -5.87785 -8.09017 -9.51057 -10 -9.51057 -8.09017 -5.87785 -3.09017
0 3.09017 5.87785 8.09017 9.51057 10 9.51057 8.09017 5.87785 3.09017 1.22461e-15 -3.09017 -5.87785 -8.09017 -9.51057 -10 -9.51057 -8.09017 -5.87785 -3.09017
0 3.09017 5.87785 8.09017 9.51057 10 9.51057 8.09017 5.87785 3.09017 1.22461e-15 -3.09017 -5.87785 -8.09017 -9.51057 -10 -9.51057 -8.09017 -5.87785 -3.09017
0 3.09017 5.87785 8.09017 9.51057 10 9.51057 8.09017 5.87785 3.09017 1.22461e-15 -3.09017 -5.87785 -8.09017 -9.51057 -10 -9.51057 -8.09017 -5.87785 -3.09017
0 3.09017 5.87785 8.09017 9.51057 10 9.51057 8.09017 5.87785 3.09017 1.22461e-15 -3.09017 -5.87785 -8.09017 -9.51057 -10 -9.51057 -8.09017 -5.87785 -3.09017
0 3.09017 5.87785 8.09017 9.51057 10 9.51057 8.09017 5.87785 3.09017 1.22461e-15 -3.09017 -5.87785 -8.09017 -9.51057 -10 -9.51057 -8.09017 -5.87785 -3.09017
0 3.09017 5.87785 8.09017 9.51057 10 9.51057 8.09017 5.87785 3.09017 1.22461e-15 -3.09017 -5.87785 -8.09017 -9.51057 -10 -9.51057 -8.09017 -5.87785 -3.09017
0 3.09017 5.87785 8.09017 9.51057 10 9.51057 8.09017 5.87785 3.09017 1.22461e-15 -3.09017 -5.87785 -8.09017 -9.51057 -10 -9.51057 -8.09017 -5.87785 -3.09017
0 3.09017 5.87785 8.09017 9.51057 10 9.51057 8.09017 5.87785 3.09017 1.22461e-15 -3.09017 -5.87785 -8.09017 -9.51057 -10 -9.51057 -8.09017 -5.87785 -3.09017
0 3.09017 5.87785 8.09017 9.51057 10 9.51057 8.09017 5.87785 3.09017 1.22461e-15 -3.09017 -5.87785 -8.09017 -9.51057 -10 -9.51057 -8.09017 -5.87785 -3.09017
0 3.09017 5.87785 8.09017 9.51057 10 9.51057 8.09017 5.87785 3.09017 1.22461e-15 -3.09017 -5.87785 -8.09017 -9.51057 -10 -9.51057 -8.09017 -5.87785 -3.09017
0 3.09017 5.87785 8.09017 9.51057 10 9.51057 8.09017 5.87785 3.09017 1.22461e-15 -3.09017 -5.87785 -8.09017 -9.51057 -10 -9.51057 -8.09017 -5.87785 -3.09017
0 3.09017 5.87785 8.09017 9.51057 10 9.51057 8.09017 5.87785 3.09017 1.22461e-15 -3.09017 -5.87785 -8.09017 -9.51057 -10 -9.51057 -8.09017 -5.87785 -3.09017
0 3.09017 5.87785 8.09017 9.51057 10 9.51057 8.09017 5.87785 3.09017 1.22461e-15 -3.09017 -5.87785 -8.09017 -9.51057 -10 -9.51057 -8.09017 -5.87785 -3.09017
0 3.09017 5.87785 8.09017 9.51057 10 9.51057 8.09017 5.87785 3.09017 1.22461e-15 -3.09017 -5.87785 -8.09017 -9.51057 -10 -9.51057 -8.09017 -5.87785 -3.09017
0 3.09017 5.87785 8.09017 9.51057 10 9.51057 8.09017 5.87785 3.09017 1.22461e-15 -3.09017 -5.87785 -8.09017 -9.51057 -10 -9.51057 -8.09017 -5.87785 -3.09017
